gen   0  best 0.800  (151s)  [9, 50, 261, 304, 900, 1431, 11, 27, 142, 153, 565, 457, 8764, 24779]
gen   1  best 0.833  (262s)  [9, 50, 261, 304, 900, 1431, 11, 27, 142, 153, 565, 457, 8764, 24779]
gen   2  best 0.717  (152s)  [14, 38, 228, 300, 955, 1705, 9, 34, 153, 104, 457, 797, 6711, 21382]
gen   3  best 0.683  (89s)  [20, 39, 107, 167, 872, 1367, 10, 31, 171, 142, 436, 720, 5654, 22278]
gen   4  best 0.650  (238s)  [14, 38, 228, 300, 955, 1705, 9, 34, 153, 104, 457, 797, 6711, 21382]
gen   5  best 0.633  (660s)  [15, 77, 222, 310, 1373, 1029, 8, 41, 198, 70, 656, 1172, 5771, 19277]
gen   6  best 0.767  (697s)  [17, 83, 235, 193, 1383, 1278, 9, 26, 96, 85, 275, 1227, 5518, 26698]
gen   7  best 0.717  (199s)  [23, 73, 236, 211, 1475, 1050, 7, 29, 139, 146, 303, 1224, 7815, 17762]
gen   8  best 0.783  (101s)  [24, 109, 301, 128, 1634, 936, 7, 33, 88, 131, 524, 1416, 6846, 17040]
gen   9  best 0.700  (319s)  [23, 73, 236, 211, 1475, 1050, 7, 29, 139, 146, 303, 1224, 7815, 17762]
gen  10  best 0.683  (55s)  [24, 82, 162, 214, 1351, 962, 6, 35, 123, 117, 285, 908, 7059, 27660]
gen  11  best 0.708  (303s)  [29, 90, 313, 157, 1348, 1035, 6, 26, 148, 189, 316, 1128, 9247, 25496]
gen  12  best 0.633  (121s)  [21, 98, 200, 234, 2389, 1249, 7, 27, 155, 261, 262, 908, 10568, 26995]
gen  13  best 0.767  (128s)  [27, 134, 324, 170, 1780, 1163, 9, 17, 144, 222, 335, 1130, 13904, 32754]
gen  14  best 0.717  (140s)  [24, 67, 269, 119, 1618, 1766, 6, 23, 147, 157, 357, 777, 11305, 24516]
gen  15  best 0.633  (262s)  [17, 82, 253, 167, 2461, 1416, 5, 31, 117, 293, 491, 846, 5898, 26983]
gen  16  best 0.675  (147s)  [16, 67, 320, 242, 1848, 1077, 3, 28, 138, 176, 322, 878, 13304, 28787]
gen  17  best 0.600  (102s)  [15, 49, 260, 181, 2504, 793, 4, 21, 115, 247, 482, 946, 5801, 29921]
gen  18  best 0.767  (64s)  [18, 52, 221, 211, 2790, 608, 4, 22, 133, 297, 567, 814, 4709, 33534]
gen  19  best 0.675  (253s)  [23, 47, 282, 203, 2299, 1241, 5, 29, 178, 271, 452, 965, 11782, 37031]
gen  20  best 0.700  (73s)  [17, 63, 295, 174, 1739, 1615, 3, 12, 101, 243, 456, 890, 4546, 35096]
gen  21  best 0.633  (267s)  [32, 41, 239, 187, 1528, 677, 6, 16, 111, 292, 528, 857, 4108, 40101]
gen  22  best 0.717  (804s)  [31, 48, 118, 208, 1781, 1930, 5, 18, 172, 206, 627, 763, 4475, 17950]
